Update: 2026-04-20T11:12:44.624Z - 0.5169151753033612
Update: 2026-04-20T11:12:44.861Z - 0.7800080795455548
Update: 2026-04-20T11:12:45.048Z - 0.2705488664533269
